<?xml version="1.0"?>
<opencv_storage>
<intrinsic type_id="opencv-matrix">
  <rows>3</rows>
  <cols>3</cols>
  <dt>d</dt>
  <data>
    9.3841084357213140e+02 0. 4.8503558950589365e+02 0.
    9.3845890177195361e+02 3.4467475556967696e+02 0. 0. 1.</data></intrinsic>
<distortion type_id="opencv-matrix">
  <rows>1</rows>
  <cols>5</cols>
  <dt>d</dt>
  <data>
    1.2095526407541752e-03 -3.5863225068520665e-01
    -1.1318305220056704e-03 2.6974790596688185e-03
    1.5277677050394598e+00</data></distortion>
</opencv_storage>
