<?xml version="1.0"?>
<opencv_storage>
<intrinsic type_id="opencv-matrix">
  <rows>3</rows>
  <cols>3</cols>
  <dt>d</dt>
  <data>
    9.1922830207145319e+02 0. 5.0464709759614436e+02 0.
    9.2189966173342589e+02 3.7822479657533620e+02 0. 0. 1.</data></intrinsic>
<distortion type_id="opencv-matrix">
  <rows>1</rows>
  <cols>5</cols>
  <dt>d</dt>
  <data>
    5.9446940202921530e-02 -7.6618410129509240e-01
    1.2216321308157715e-03 9.2093162589145551e-03 2.1172154593667165e+00</data></distortion>
</opencv_storage>
